00002 00002_931230_fa.ppm 931230 930831 121
00002 00002_931230_fb.ppm 931230 930831 121
00002 00002_940128_fa.ppm 940128 930831 150
00002 00002_940128_fb.ppm 940128 930831 150
00002 00002_940422_fa.ppm 940422 930831 234
00002 00002_940422_fb.ppm 940422 930831 234
00002 00002_940928_fa.ppm 940928 930831 393
00002 00002_940928_fb.ppm 940928 930831 393
00003 00003_931230_fa_a.ppm 931230 930831 121
00003 00003_931230_fb_a.ppm 931230 930831 121
00003 00003_940307_fa_a.ppm 940307 930831 188
00003 00003_940307_fb_a.ppm 940307 930831 188
00003 00003_941121_fa.ppm 941121 930831 447
00003 00003_941121_fb.ppm 941121 930831 447
00005 00005_941121_fa.ppm 941121 930831 447
00005 00005_941121_fb.ppm 941121 930831 447
00006 00006_931230_fa.ppm 931230 930831 121
00006 00006_931230_fb.ppm 931230 930831 121
00012 00012_930831_fa_a.ppm 930831 930831 0
00012 00012_930831_fb_a.ppm 930831 930831 0
00013 00013_931230_fa.ppm 931230 930831 121
00013 00013_931230_fb.ppm 931230 930831 121
00019 00019_940128_fa.ppm 940128 930831 150
00019 00019_940128_fb.ppm 940128 930831 150
00019 00019_940307_fa.ppm 940307 930831 188
00019 00019_940307_fb.ppm 940307 930831 188
00019 00019_940422_fa.ppm 940422 930831 234
00019 00019_940422_fb.ppm 940422 930831 234
00020 00020_931230_fa.ppm 931230 930831 121
00020 00020_931230_fb.ppm 931230 930831 121
00024 00024_940128_fa_a.ppm 940128 930831 150
00024 00024_940128_fb_a.ppm 940128 930831 150
00024 00024_940307_fa.ppm 940307 930831 188
00024 00024_940307_fb.ppm 940307 930831 188
00026 00026_931230_fa_a.ppm 931230 930831 121
00026 00026_931230_fb_a.ppm 931230 930831 121
00028 00028_940128_fa.ppm 940128 930831 150
00028 00028_940128_fb.ppm 940128 930831 150
00028 00028_940928_fa.ppm 940928 930831 393
00028 00028_940928_fb.ppm 940928 930831 393
00029 00029_931230_fa.ppm 931230 930831 121
00029 00029_931230_fb.ppm 931230 930831 121
00029 00029_940128_fa.ppm 940128 930831 150
00029 00029_940128_fb.ppm 940128 930831 150
00029 00029_940307_fa.ppm 940307 930831 188
00029 00029_940307_fb.ppm 940307 930831 188
00029 00029_940422_fa.ppm 940422 930831 234
00029 00029_940422_fb.ppm 940422 930831 234
00029 00029_940519_fa.ppm 940519 930831 261
00029 00029_940519_fb.ppm 940519 930831 261
00029 00029_940928_fa.ppm 940928 930831 393
00029 00029_940928_fb.ppm 940928 930831 393
00029 00029_941031_fa.ppm 941031 930831 426
00029 00029_941031_fb.ppm 941031 930831 426
00029 00029_960530_fa.ppm 960530 930831 1003
00029 00029_960530_fb.ppm 960530 930831 1003
00029 00029_960620_fa.ppm 960620 930831 1024
00029 00029_960620_fb.ppm 960620 930831 1024
00029 00029_960627_fa.ppm 960627 930831 1031
00029 00029_960627_fb.ppm 960627 930831 1031
00038 00038_940128_fa.ppm 940128 930831 150
00038 00038_940128_fb.ppm 940128 930831 150
00040 00040_931230_fa.ppm 931230 930831 121
00040 00040_931230_fb.ppm 931230 930831 121
00070 00070_940307_fa.ppm 940307 931230 67
00070 00070_940307_fb.ppm 940307 931230 67
00070 00070_940422_fa.ppm 940422 931230 113
00070 00070_940422_fb.ppm 940422 931230 113
00070 00070_940928_fa.ppm 940928 931230 272
00070 00070_940928_fb.ppm 940928 931230 272
00070 00070_941031_fa.ppm 941031 931230 305
00070 00070_941031_fb.ppm 941031 931230 305
00070 00070_941121_fa.ppm 941121 931230 326
00070 00070_941121_fb.ppm 941121 931230 326
00071 00071_940128_fa.ppm 940128 931230 29
00071 00071_940128_fb.ppm 940128 931230 29
00071 00071_941031_fa.ppm 941031 931230 305
00071 00071_941031_fb.ppm 941031 931230 305
00081 00081_940928_fa.ppm 940928 931230 272
00081 00081_940928_fb.ppm 940928 931230 272
00081 00081_941031_fa.ppm 941031 931230 305
00081 00081_941031_fb.ppm 941031 931230 305
00083 00083_940128_fa_a.ppm 940128 931230 29
00083 00083_940128_fb_a.ppm 940128 931230 29
00086 00086_940422_fa.ppm 940422 931230 113
00086 00086_940422_fb.ppm 940422 931230 113
00093 00093_940128_fa.ppm 940128 931230 29
00093 00093_940128_fb.ppm 940128 931230 29
00093 00093_941031_fa.ppm 941031 931230 305
00093 00093_941031_fb.ppm 941031 931230 305
00093 00093_941121_fa.ppm 941121 931230 326
00093 00093_941121_fb.ppm 941121 931230 326
00095 00095_940128_fa.ppm 940128 931230 29
00095 00095_940128_fb.ppm 940128 931230 29
00096 00096_940128_fa.ppm 940128 931230 29
00096 00096_940128_fb.ppm 940128 931230 29
00107 00107_941031_fa.ppm 941031 931230 305
00107 00107_941031_fb.ppm 941031 931230 305
00107 00107_941121_fa.ppm 941121 931230 326
00107 00107_941121_fb.ppm 941121 931230 326
00108 00108_940128_fa.ppm 940128 931230 29
00108 00108_940128_fb.ppm 940128 931230 29
00108 00108_941031_fa.ppm 941031 931230 305
00108 00108_941031_fb.ppm 941031 931230 305
00108 00108_960530_fa.ppm 960530 931230 882
00108 00108_960530_fb.ppm 960530 931230 882
00140 00140_941121_fa.ppm 941121 931230 326
00140 00140_941121_fb.ppm 941121 931230 326
00146 00146_941121_fa.ppm 941121 931230 326
00146 00146_941121_fb.ppm 941121 931230 326
00146 00146_941201_fa.ppm 941201 931230 336
00146 00146_941201_fb.ppm 941201 931230 336
00146 00146_941205_fa.ppm 941205 931230 340
00146 00146_960530_fa.ppm 960530 931230 882
00146 00146_960530_fb.ppm 960530 931230 882
00146 00146_960620_fa.ppm 960620 931230 903
00146 00146_960620_fb.ppm 960620 931230 903
00146 00146_960627_fa.ppm 960627 931230 910
00146 00146_960627_fb.ppm 960627 931230 910
00150 00150_940128_fa_a.ppm 940128 931230 29
00150 00150_940128_fb_a.ppm 940128 931230 29
00154 00154_940128_fa.ppm 940128 931230 29
00154 00154_940128_fb.ppm 940128 931230 29
00155 00155_940128_fa.ppm 940128 931230 29
00155 00155_940128_fb.ppm 940128 931230 29
00157 00157_940128_fa_a.ppm 940128 931230 29
00157 00157_940128_fb_a.ppm 940128 931230 29
00157 00157_940928_fa.ppm 940928 931230 272
00157 00157_940928_fb.ppm 940928 931230 272
00162 00162_940128_fa.ppm 940128 931230 29
00162 00162_940128_fb.ppm 940128 931230 29
00182 00182_940128_fa_a.ppm 940128 931230 29
00182 00182_940128_fb_a.ppm 940128 931230 29
00182 00182_940422_fa.ppm 940422 931230 113
00182 00182_940422_fb.ppm 940422 931230 113
00182 00182_940422_fa_a.ppm 940422 931230 113
00182 00182_940422_fb_a.ppm 940422 931230 113
00184 00184_940422_fa.ppm 940422 940128 84
00184 00184_940422_fb.ppm 940422 940128 84
00185 00185_940422_fa.ppm 940422 940128 84
00185 00185_940422_fb.ppm 940422 940128 84
00188 00188_940307_fa.ppm 940307 940128 38
00188 00188_940307_fb.ppm 940307 940128 38
00193 00193_940928_fa.ppm 940928 940128 243
00193 00193_940928_fb.ppm 940928 940128 243
00210 00210_940422_fa.ppm 940422 940128 84
00210 00210_940422_fb.ppm 940422 940128 84
00247 00247_941121_fa.ppm 941121 940128 297
00247 00247_941121_fb.ppm 941121 940128 297
00254 00254_941121_fa.ppm 941121 940128 297
00254 00254_941121_fb.ppm 941121 940128 297
00256 00256_940928_fa.ppm 940928 940128 243
00256 00256_940928_fb.ppm 940928 940128 243
00256 00256_941031_fa.ppm 941031 940128 276
00256 00256_941031_fb.ppm 941031 940128 276
00268 00268_940422_fa.ppm 940422 940307 46
00268 00268_940422_fb.ppm 940422 940307 46
00268 00268_940519_fa.ppm 940519 940307 73
00268 00268_940519_fb.ppm 940519 940307 73
00268 00268_960530_fa.ppm 960530 940307 815
00268 00268_960530_fb.ppm 960530 940307 815
00268 00268_960627_fa.ppm 960627 940307 843
00268 00268_960627_fb.ppm 960627 940307 843
00269 00269_940422_fa_a.ppm 940422 940422 0
00269 00269_940422_fb_a.ppm 940422 940422 0
00276 00276_940422_fa_a.ppm 940422 940422 0
00276 00276_940422_fb_a.ppm 940422 940422 0
00283 00283_940307_fa_a.ppm 940307 940307 0
00283 00283_940307_fb_a.ppm 940307 940307 0
00283 00283_940422_fa.ppm 940422 940307 46
00283 00283_940422_fb.ppm 940422 940307 46
00283 00283_940422_fa_a.ppm 940422 940307 46
00283 00283_940422_fb_a.ppm 940422 940307 46
00286 00286_940422_fa_a.ppm 940422 940422 0
00286 00286_940422_fb_a.ppm 940422 940422 0
00287 00287_940422_fa_a.ppm 940422 940422 0
00287 00287_940422_fb_a.ppm 940422 940422 0
00289 00289_940422_fa_a.ppm 940422 940422 0
00289 00289_940422_fb_a.ppm 940422 940422 0
00292 00292_940422_fa_a.ppm 940422 940422 0
00292 00292_940422_fb_a.ppm 940422 940422 0
00294 00294_940422_fa_a.ppm 940422 940422 0
00294 00294_940422_fb_a.ppm 940422 940422 0
00295 00295_940422_fa_a.ppm 940422 940422 0
00295 00295_940422_fb_a.ppm 940422 940422 0
00298 00298_940422_fa_a.ppm 940422 940422 0
00298 00298_940422_fb_a.ppm 940422 940422 0
00325 00325_940422_fa_a.ppm 940422 940422 0
00325 00325_940422_fb_a.ppm 940422 940422 0
00326 00326_940422_fa_a.ppm 940422 940422 0
00326 00326_940422_fb_a.ppm 940422 940422 0
00335 00335_940422_fa_a.ppm 940422 940422 0
00335 00335_940422_fb_a.ppm 940422 940422 0
00338 00338_940422_fa_a.ppm 940422 940422 0
00338 00338_940422_fb_a.ppm 940422 940422 0
00339 00339_940422_fa_a.ppm 940422 940422 0
00339 00339_940422_fb_a.ppm 940422 940422 0
00340 00340_940422_fa_a.ppm 940422 940422 0
00340 00340_940422_fb_a.ppm 940422 940422 0
00343 00343_940422_fa_a.ppm 940422 940422 0
00343 00343_940422_fb_a.ppm 940422 940422 0
00371 00371_940422_fa_a.ppm 940422 940422 0
00371 00371_940422_fb_a.ppm 940422 940422 0
00383 00383_940422_fa_a.ppm 940422 940422 0
00383 00383_940422_fb_a.ppm 940422 940422 0
00383 00383_940928_fa.ppm 940928 940422 159
00383 00383_940928_fb.ppm 940928 940422 159
00383 00383_941031_fa.ppm 941031 940422 192
00383 00383_941031_fb.ppm 941031 940422 192
00387 00387_940422_fa_a.ppm 940422 940422 0
00387 00387_940422_fb_a.ppm 940422 940422 0
00392 00392_940422_fa_a.ppm 940422 940422 0
00392 00392_940422_fb_a.ppm 940422 940422 0
00393 00393_940422_fa_a.ppm 940422 940422 0
00393 00393_940422_fb_a.ppm 940422 940422 0
00414 00414_940422_fa_a.ppm 940422 940422 0
00414 00414_940422_fb_a.ppm 940422 940422 0
00415 00415_940422_fa_a.ppm 940422 940422 0
00415 00415_940422_fb_a.ppm 940422 940422 0
00429 00429_940422_fa_a.ppm 940422 940422 0
00429 00429_940422_fb_a.ppm 940422 940422 0
00431 00431_940422_fa_a.ppm 940422 940422 0
00431 00431_940422_fb_a.ppm 940422 940422 0
00453 00453_940422_fa_a.ppm 940422 940422 0
00453 00453_940422_fb_a.ppm 940422 940422 0
00461 00461_940422_fa_a.ppm 940422 940422 0
00461 00461_940422_fb_a.ppm 940422 940422 0
00462 00462_940422_fa_a.ppm 940422 940422 0
00462 00462_940422_fb_a.ppm 940422 940422 0
00465 00465_940519_fa_a.ppm 940519 940519 0
00465 00465_940519_fb_a.ppm 940519 940519 0
00465 00465_960627_fa.ppm 960627 940519 770
00465 00465_960627_fb.ppm 960627 940519 770
00468 00468_941201_fa.ppm 941201 940519 196
00468 00468_941201_fb.ppm 941201 940519 196
00468 00468_960530_fa.ppm 960530 940519 742
00468 00468_960530_fb.ppm 960530 940519 742
00468 00468_960620_fa.ppm 960620 940519 763
00468 00468_960620_fb.ppm 960620 940519 763
00469 00469_941201_fa.ppm 941201 940519 196
00469 00469_941201_fb.ppm 941201 940519 196
00469 00469_960530_fa.ppm 960530 940519 742
00469 00469_960530_fb.ppm 960530 940519 742
00469 00469_960620_fa.ppm 960620 940519 763
00469 00469_960620_fb.ppm 960620 940519 763
00470 00470_941201_fa.ppm 941201 940519 196
00470 00470_941201_fb.ppm 941201 940519 196
00472 00472_940519_fa_a.ppm 940519 940519 0
00472 00472_940519_fb_a.ppm 940519 940519 0
00472 00472_960627_fa.ppm 960627 940519 770
00472 00472_960627_fb.ppm 960627 940519 770
00473 00473_960627_fa.ppm 960627 940519 770
00473 00473_960627_fb.ppm 960627 940519 770
00474 00474_960627_fa.ppm 960627 940519 770
00474 00474_960627_fb.ppm 960627 940519 770
00475 00475_940519_fa_a.ppm 940519 940519 0
00475 00475_940519_fb_a.ppm 940519 940519 0
00476 00476_940519_fa_a.ppm 940519 940519 0
00476 00476_940519_fb_a.ppm 940519 940519 0
00477 00477_940519_fa_a.ppm 940519 940519 0
00477 00477_940519_fb_a.ppm 940519 940519 0
00481 00481_940519_fa_a.ppm 940519 940519 0
00481 00481_940519_fb_a.ppm 940519 940519 0
00485 00485_940519_fa_a.ppm 940519 940519 0
00485 00485_940519_fb_a.ppm 940519 940519 0
00486 00486_940519_fa_a.ppm 940519 940519 0
00486 00486_940519_fb_a.ppm 940519 940519 0
00488 00488_940519_fa_a.ppm 940519 940519 0
00488 00488_940519_fb_a.ppm 940519 940519 0
00491 00491_960627_fa.ppm 960627 940519 770
00491 00491_960627_fb.ppm 960627 940519 770
00492 00492_940519_fa_a.ppm 940519 940519 0
00492 00492_940519_fb_a.ppm 940519 940519 0
00495 00495_940519_fa_a.ppm 940519 940519 0
00495 00495_940519_fb_a.ppm 940519 940519 0
00497 00497_940519_fa_a.ppm 940519 940519 0
00497 00497_940519_fb_a.ppm 940519 940519 0
00498 00498_960627_fa.ppm 960627 940519 770
00498 00498_960627_fb.ppm 960627 940519 770
00500 00500_960627_fa.ppm 960627 940519 770
00500 00500_960627_fb.ppm 960627 940519 770
00501 00501_960627_fa.ppm 960627 940519 770
00501 00501_960627_fb.ppm 960627 940519 770
00502 00502_940519_fa_a.ppm 940519 940519 0
00502 00502_940519_fb_a.ppm 940519 940519 0
00503 00503_940519_fa_a.ppm 940519 940519 0
00503 00503_940519_fb_a.ppm 940519 940519 0
00505 00505_960627_fa.ppm 960627 940519 770
00505 00505_960627_fb.ppm 960627 940519 770
00506 00506_940519_fa_a.ppm 940519 940519 0
00506 00506_940519_fb_a.ppm 940519 940519 0
00507 00507_940519_fa_a.ppm 940519 940519 0
00507 00507_940519_fb_a.ppm 940519 940519 0
00508 00508_940519_fa_a.ppm 940519 940519 0
00508 00508_940519_fb_a.ppm 940519 940519 0
00508 00508_960627_fa.ppm 960627 940519 770
00508 00508_960627_fb.ppm 960627 940519 770
00509 00509_940519_fa_a.ppm 940519 940519 0
00509 00509_940519_fb_a.ppm 940519 940519 0
00512 00512_940519_fa_a.ppm 940519 940519 0
00512 00512_940519_fb_a.ppm 940519 940519 0
00513 00513_940519_fa_a.ppm 940519 940519 0
00513 00513_940519_fb_a.ppm 940519 940519 0
00514 00514_940519_fa_a.ppm 940519 940519 0
00514 00514_940519_fb_a.ppm 940519 940519 0
00516 00516_940519_fa_a.ppm 940519 940519 0
00516 00516_940519_fb_a.ppm 940519 940519 0
00517 00517_940519_fa_a.ppm 940519 940519 0
00517 00517_940519_fb_a.ppm 940519 940519 0
00519 00519_940519_fa_a.ppm 940519 940519 0
00519 00519_940519_fb_a.ppm 940519 940519 0
00519 00519_960627_fa.ppm 960627 940519 770
00519 00519_960627_fb.ppm 960627 940519 770
00520 00520_940519_fa_a.ppm 940519 940519 0
00520 00520_940519_fb_a.ppm 940519 940519 0
00521 00521_940519_fa_a.ppm 940519 940519 0
00521 00521_940519_fb_a.ppm 940519 940519 0
00522 00522_940519_fa_a.ppm 940519 940519 0
00522 00522_940519_fb_a.ppm 940519 940519 0
00522 00522_960627_fa.ppm 960627 940519 770
00522 00522_960627_fb.ppm 960627 940519 770
00523 00523_940519_fa_a.ppm 940519 940519 0
00523 00523_940519_fb_a.ppm 940519 940519 0
00524 00524_940519_fa_a.ppm 940519 940519 0
00524 00524_940519_fb_a.ppm 940519 940519 0
00531 00531_940519_fa_a.ppm 940519 940519 0
00531 00531_940519_fb_a.ppm 940519 940519 0
00531 00531_960627_fa.ppm 960627 940519 770
00531 00531_960627_fb.ppm 960627 940519 770
00532 00532_960627_fa.ppm 960627 940519 770
00532 00532_960627_fb.ppm 960627 940519 770
00533 00533_940519_fa_a.ppm 940519 940519 0
00533 00533_940519_fb_a.ppm 940519 940519 0
00533 00533_960627_fa.ppm 960627 940519 770
00533 00533_960627_fb.ppm 960627 940519 770
00534 00534_940519_fa_a.ppm 940519 940519 0
00534 00534_940519_fb_a.ppm 940519 940519 0
00535 00535_940519_fa_a.ppm 940519 940519 0
00535 00535_940519_fb_a.ppm 940519 940519 0
00537 00537_940519_fa_a.ppm 940519 940519 0
00537 00537_940519_fb_a.ppm 940519 940519 0
00537 00537_940519_fa_b.ppm 940519 940519 0
00537 00537_940519_fb_b.ppm 940519 940519 0
00538 00538_940519_fa_a.ppm 940519 940519 0
00538 00538_940519_fb_a.ppm 940519 940519 0
00543 00543_960627_fa.ppm 960627 940519 770
00543 00543_960627_fb.ppm 960627 940519 770
00544 00544_940519_fa_a.ppm 940519 940519 0
00544 00544_940519_fb_a.ppm 940519 940519 0
00545 00545_940519_fa_a.ppm 940519 940519 0
00545 00545_940519_fb_a.ppm 940519 940519 0
00546 00546_940519_fa_a.ppm 940519 940519 0
00546 00546_940519_fb_a.ppm 940519 940519 0
00547 00547_940519_fa_a.ppm 940519 940519 0
00547 00547_940519_fb_a.ppm 940519 940519 0
00547 00547_940519_fa_b.ppm 940519 940519 0
00547 00547_940519_fb_b.ppm 940519 940519 0
00547 00547_940519_fa_c.ppm 940519 940519 0
00547 00547_940519_fb_c.ppm 940519 940519 0
00548 00548_940519_fa_a.ppm 940519 940519 0
00548 00548_940519_fb_a.ppm 940519 940519 0
00549 00549_940519_fa_a.ppm 940519 940519 0
00549 00549_940519_fb_a.ppm 940519 940519 0
00550 00550_940519_fa_a.ppm 940519 940519 0
00550 00550_940519_fb_a.ppm 940519 940519 0
00553 00553_940519_fa_a.ppm 940519 940519 0
00553 00553_940519_fb_a.ppm 940519 940519 0
00556 00556_940519_fa_a.ppm 940519 940519 0
00556 00556_940519_fb_a.ppm 940519 940519 0
00556 00556_940519_fa_b.ppm 940519 940519 0
00556 00556_940519_fb_b.ppm 940519 940519 0
00556 00556_940519_fa_c.ppm 940519 940519 0
00556 00556_940519_fb_c.ppm 940519 940519 0
00561 00561_940519_fa_a.ppm 940519 940519 0
00561 00561_940519_fb_a.ppm 940519 940519 0
00562 00562_941031_fa.ppm 941031 940928 33
00562 00562_941031_fb.ppm 941031 940928 33
00564 00564_941031_fa.ppm 941031 940928 33
00565 00565_940928_fa.ppm 940928 940307 205
00565 00565_940928_fb.ppm 940928 940307 205
00565 00565_941121_fa.ppm 941121 940307 259
00565 00565_941121_fb.ppm 941121 940307 259
00566 00566_941121_fa.ppm 941121 940928 54
00566 00566_941121_fb.ppm 941121 940928 54
00568 00568_941031_fa.ppm 941031 940928 33
00568 00568_941031_fb.ppm 941031 940928 33
00570 00570_940928_fa_a.ppm 940928 940928 0
00570 00570_940928_fb_a.ppm 940928 940928 0
00576 00576_941031_fa.ppm 941031 940928 33
00576 00576_941031_fb.ppm 941031 940928 33
00579 00579_941031_fa.ppm 941031 940928 33
00579 00579_941031_fb.ppm 941031 940928 33
00584 00584_941031_fa.ppm 941031 940928 33
00584 00584_941031_fb.ppm 941031 940928 33
00588 00588_940928_fa.ppm 940928 940307 205
00588 00588_940928_fb.ppm 940928 940307 205
00588 00588_941031_fa.ppm 941031 940307 238
00588 00588_941031_fb.ppm 941031 940307 238
00588 00588_941121_fa.ppm 941121 940307 259
00588 00588_941121_fb.ppm 941121 940307 259
00593 00593_941031_fa.ppm 941031 940928 33
00593 00593_941031_fb.ppm 941031 940928 33
00594 00594_941031_fa.ppm 941031 940928 33
00594 00594_941031_fb.ppm 941031 940928 33
00594 00594_941121_fa.ppm 941121 940928 54
00594 00594_941121_fb.ppm 941121 940928 54
00596 00596_941121_fa.ppm 941121 940928 54
00596 00596_941121_fb.ppm 941121 940928 54
00597 00597_941031_fa.ppm 941031 940928 33
00598 00598_941031_fa.ppm 941031 940928 33
00598 00598_941031_fb.ppm 941031 940928 33
00600 00600_941121_fa.ppm 941121 940928 54
00600 00600_941121_fb.ppm 941121 940928 54
00604 00604_941031_fa.ppm 941031 940928 33
00604 00604_941031_fb.ppm 941031 940928 33
00604 00604_941121_fa.ppm 941121 940928 54
00604 00604_941121_fb.ppm 941121 940928 54
00605 00605_941031_fa.ppm 941031 940928 33
00605 00605_941031_fb.ppm 941031 940928 33
00611 00611_940928_fa.ppm 940928 940307 205
00611 00611_940928_fb.ppm 940928 940307 205
00614 00614_941031_fa.ppm 941031 940928 33
00614 00614_941031_fb.ppm 941031 940928 33
00615 00615_941031_fa.ppm 941031 940928 33
00615 00615_941031_fb.ppm 941031 940928 33
00616 00616_941031_fa.ppm 941031 940928 33
00616 00616_941031_fb.ppm 941031 940928 33
00618 00618_941031_fa.ppm 941031 940928 33
00618 00618_941031_fb.ppm 941031 940928 33
00621 00621_941121_fa.ppm 941121 940928 54
00621 00621_941121_fb.ppm 941121 940928 54
00622 00622_941121_fa.ppm 941121 940928 54
00622 00622_941121_fb.ppm 941121 940928 54
00626 00626_941031_fa.ppm 941031 940928 33
00626 00626_941031_fb.ppm 941031 940928 33
00627 00627_941031_fa.ppm 941031 940928 33
00627 00627_941031_fb.ppm 941031 940928 33
00630 00630_941031_fa.ppm 941031 940928 33
00630 00630_941031_fb.ppm 941031 940928 33
00630 00630_941121_fa.ppm 941121 940928 54
00630 00630_941121_fb.ppm 941121 940928 54
00638 00638_941121_fa.ppm 941121 941031 21
00638 00638_941121_fb.ppm 941121 941031 21
00642 00642_941121_fa.ppm 941121 941031 21
00642 00642_941121_fb.ppm 941121 941031 21
00648 00648_941121_fa.ppm 941121 941031 21
00648 00648_941121_fb.ppm 941121 941031 21
00660 00660_941201_fa.ppm 941201 941121 10
00660 00660_941201_fb.ppm 941201 941121 10
00660 00660_960530_fa.ppm 960530 941121 556
00660 00660_960530_fb.ppm 960530 941121 556
00660 00660_960620_fa.ppm 960620 941121 577
00660 00660_960620_fb.ppm 960620 941121 577
00669 00669_940307_fa_a.ppm 940307 940307 0
00669 00669_940307_fb_a.ppm 940307 940307 0
00669 00669_941121_fa.ppm 941121 940307 259
00669 00669_941121_fb.ppm 941121 940307 259
00703 00703_941205_fa.ppm 941205 941201 4
00703 00703_941205_fb.ppm 941205 941201 4
00704 00704_941205_fa.ppm 941205 941201 4
00704 00704_941205_fb.ppm 941205 941201 4
00704 00704_960530_fa.ppm 960530 941201 546
00704 00704_960530_fb.ppm 960530 941201 546
00705 00705_941205_fa.ppm 941205 941201 4
00705 00705_941205_fb.ppm 941205 941201 4
00705 00705_960530_fa.ppm 960530 941201 546
00705 00705_960530_fb.ppm 960530 941201 546
00705 00705_960620_fa.ppm 960620 941201 567
00705 00705_960620_fb.ppm 960620 941201 567
00706 00706_941205_fa.ppm 941205 941201 4
00706 00706_941205_fb.ppm 941205 941201 4
00706 00706_960530_fa.ppm 960530 941201 546
00706 00706_960530_fb.ppm 960530 941201 546
00706 00706_960620_fa.ppm 960620 941201 567
00706 00706_960620_fb.ppm 960620 941201 567
00707 00707_941205_fa.ppm 941205 941201 4
00707 00707_941205_fb.ppm 941205 941201 4
00708 00708_941205_fa.ppm 941205 941201 4
00708 00708_941205_fb.ppm 941205 941201 4
00708 00708_960530_fa.ppm 960530 941201 546
00708 00708_960530_fb.ppm 960530 941201 546
00708 00708_960620_fa.ppm 960620 941201 567
00708 00708_960620_fb.ppm 960620 941201 567
00709 00709_960530_fa.ppm 960530 941201 546
00709 00709_960530_fb.ppm 960530 941201 546
00710 00710_960530_fa.ppm 960530 941201 546
00710 00710_960530_fb.ppm 960530 941201 546
00710 00710_960620_fa.ppm 960620 941201 567
00710 00710_960620_fb.ppm 960620 941201 567
00711 00711_941205_fa.ppm 941205 941201 4
00711 00711_941205_fb.ppm 941205 941201 4
00711 00711_960530_fa.ppm 960530 941201 546
00711 00711_960530_fb.ppm 960530 941201 546
00711 00711_960620_fa.ppm 960620 941201 567
00711 00711_960620_fb.ppm 960620 941201 567
00712 00712_941205_fa.ppm 941205 941201 4
00712 00712_941205_fb.ppm 941205 941201 4
00713 00713_941205_fa.ppm 941205 941201 4
00713 00713_941205_fb.ppm 941205 941201 4
00713 00713_960627_fa.ppm 960627 941201 574
00713 00713_960627_fb.ppm 960627 941201 574
00714 00714_960530_fa.ppm 960530 941201 546
00714 00714_960530_fb.ppm 960530 941201 546
00714 00714_960620_fa.ppm 960620 941201 567
00714 00714_960620_fb.ppm 960620 941201 567
00715 00715_941205_fa.ppm 941205 941201 4
00715 00715_941205_fb.ppm 941205 941201 4
00716 00716_941205_fa.ppm 941205 941201 4
00717 00717_941205_fa.ppm 941205 941201 4
00717 00717_941205_fb.ppm 941205 941201 4
00717 00717_960530_fa.ppm 960530 941201 546
00717 00717_960530_fb.ppm 960530 941201 546
00717 00717_960620_fa.ppm 960620 941201 567
00717 00717_960620_fb.ppm 960620 941201 567
00718 00718_941205_fa.ppm 941205 941201 4
00718 00718_941205_fb.ppm 941205 941201 4
00719 00719_960620_fa.ppm 960620 941201 567
00719 00719_960620_fb.ppm 960620 941201 567
00720 00720_941205_fa.ppm 941205 941201 4
00720 00720_941205_fb.ppm 941205 941201 4
00720 00720_960620_fa.ppm 960620 941201 567
00720 00720_960620_fb.ppm 960620 941201 567
00721 00721_941205_fa.ppm 941205 941201 4
00721 00721_941205_fb.ppm 941205 941201 4
00722 00722_941205_fa.ppm 941205 941201 4
00722 00722_941205_fb.ppm 941205 941201 4
00722 00722_960530_fa.ppm 960530 941201 546
00722 00722_960530_fb.ppm 960530 941201 546
00722 00722_960627_fa.ppm 960627 941201 574
00722 00722_960627_fb.ppm 960627 941201 574
00724 00724_960530_fa.ppm 960530 941201 546
00724 00724_960530_fb.ppm 960530 941201 546
00724 00724_960620_fa.ppm 960620 941201 567
00724 00724_960620_fb.ppm 960620 941201 567
00725 00725_941205_fa.ppm 941205 941201 4
00725 00725_941205_fb.ppm 941205 941201 4
00726 00726_941205_fa.ppm 941205 941201 4
00726 00726_941205_fb.ppm 941205 941201 4
00727 00727_941205_fa.ppm 941205 941201 4
00727 00727_941205_fb.ppm 941205 941201 4
00728 00728_941205_fa.ppm 941205 941201 4
00728 00728_941205_fb.ppm 941205 941201 4
00729 00729_941205_fa.ppm 941205 941201 4
00729 00729_941205_fb.ppm 941205 941201 4
00730 00730_960530_fa.ppm 960530 941201 546
00730 00730_960530_fb.ppm 960530 941201 546
00730 00730_960620_fa.ppm 960620 941201 567
00730 00730_960620_fb.ppm 960620 941201 567
00732 00732_941205_fa.ppm 941205 941201 4
00732 00732_941205_fb.ppm 941205 941201 4
00732 00732_960530_fa.ppm 960530 941201 546
00732 00732_960530_fb.ppm 960530 941201 546
00732 00732_960530_fa_a.ppm 960530 941201 546
00732 00732_960530_fb_a.ppm 960530 941201 546
00732 00732_960620_fa.ppm 960620 941201 567
00732 00732_960620_fb.ppm 960620 941201 567
00732 00732_960627_fa.ppm 960627 941201 574
00732 00732_960627_fb.ppm 960627 941201 574
00733 00733_960530_fa.ppm 960530 941201 546
00733 00733_960530_fb.ppm 960530 941201 546
00735 00735_941205_fa.ppm 941205 941201 4
00735 00735_941205_fb.ppm 941205 941201 4
00736 00736_941205_fa.ppm 941205 941201 4
00736 00736_941205_fb.ppm 941205 941201 4
00737 00737_960530_fa.ppm 960530 941201 546
00737 00737_960530_fb.ppm 960530 941201 546
00737 00737_960620_fa.ppm 960620 941201 567
00737 00737_960620_fb.ppm 960620 941201 567
00739 00739_941205_fa.ppm 941205 941201 4
00739 00739_941205_fb.ppm 941205 941201 4
00740 00740_941205_fa.ppm 941205 941201 4
00740 00740_941205_fb.ppm 941205 941201 4
00743 00743_960530_fa.ppm 960530 941201 546
00743 00743_960530_fb.ppm 960530 941201 546
00743 00743_960620_fa.ppm 960620 941201 567
00743 00743_960620_fb.ppm 960620 941201 567
00744 00744_941205_fa.ppm 941205 941201 4
00744 00744_941205_fb.ppm 941205 941201 4
00744 00744_960530_fa.ppm 960530 941201 546
00744 00744_960530_fb.ppm 960530 941201 546
00744 00744_960620_fa.ppm 960620 941201 567
00744 00744_960620_fb.ppm 960620 941201 567
00745 00745_941205_fa.ppm 941205 941201 4
00745 00745_941205_fb.ppm 941205 941201 4
00745 00745_960530_fa.ppm 960530 941201 546
00745 00745_960530_fb.ppm 960530 941201 546
00745 00745_960620_fa.ppm 960620 941201 567
00745 00745_960620_fb.ppm 960620 941201 567
00746 00746_941205_fa.ppm 941205 941201 4
00746 00746_941205_fb.ppm 941205 941201 4
00747 00747_941205_fa.ppm 941205 941201 4
00747 00747_941205_fb.ppm 941205 941201 4
00750 00750_941205_fa.ppm 941205 941201 4
00750 00750_941205_fb.ppm 941205 941201 4
00750 00750_960530_fa.ppm 960530 941201 546
00750 00750_960530_fb.ppm 960530 941201 546
00751 00751_941205_fa.ppm 941205 941201 4
00751 00751_941205_fb.ppm 941205 941201 4
00751 00751_960530_fa.ppm 960530 941201 546
00751 00751_960530_fb.ppm 960530 941201 546
00751 00751_960620_fa.ppm 960620 941201 567
00751 00751_960620_fb.ppm 960620 941201 567
00752 00752_941205_fa.ppm 941205 941201 4
00752 00752_941205_fb.ppm 941205 941201 4
00752 00752_960530_fa.ppm 960530 941201 546
00752 00752_960530_fb.ppm 960530 941201 546
00752 00752_960620_fa.ppm 960620 941201 567
00752 00752_960620_fb.ppm 960620 941201 567
00758 00758_960530_fa.ppm 960530 941201 546
00758 00758_960530_fb.ppm 960530 941201 546
00760 00760_960530_fa.ppm 960530 941201 546
00760 00760_960530_fb.ppm 960530 941201 546
00760 00760_960620_fa.ppm 960620 941201 567
00760 00760_960620_fb.ppm 960620 941201 567
00761 00761_960530_fa.ppm 960530 941201 546
00761 00761_960530_fb.ppm 960530 941201 546
00761 00761_960620_fa.ppm 960620 941201 567
00761 00761_960620_fb.ppm 960620 941201 567
00761 00761_960627_fa.ppm 960627 941201 574
00761 00761_960627_fb.ppm 960627 941201 574
00762 00762_941205_fa.ppm 941205 941201 4
00762 00762_941205_fb.ppm 941205 941201 4
00763 00763_941205_fa.ppm 941205 941201 4
00763 00763_941205_fb.ppm 941205 941201 4
00763 00763_960530_fa.ppm 960530 941201 546
00763 00763_960530_fb.ppm 960530 941201 546
00764 00764_941205_fa.ppm 941205 941201 4
00764 00764_941205_fb.ppm 941205 941201 4
00766 00766_960530_fa.ppm 960530 941201 546
00766 00766_960530_fb.ppm 960530 941201 546
00766 00766_960620_fa.ppm 960620 941201 567
00766 00766_960620_fb.ppm 960620 941201 567
00767 00767_960530_fa.ppm 960530 941201 546
00767 00767_960530_fb.ppm 960530 941201 546
00768 00768_941205_fa.ppm 941205 941201 4
00768 00768_941205_fb.ppm 941205 941201 4
00768 00768_960530_fa.ppm 960530 941201 546
00768 00768_960530_fb.ppm 960530 941201 546
00769 00769_941205_fa.ppm 941205 941201 4
00769 00769_941205_fb.ppm 941205 941201 4
00770 00770_960530_fa.ppm 960530 941201 546
00770 00770_960530_fb.ppm 960530 941201 546
00770 00770_960530_fa_a.ppm 960530 941201 546
00770 00770_960530_fb_a.ppm 960530 941201 546
00770 00770_960620_fa.ppm 960620 941201 567
00770 00770_960620_fb.ppm 960620 941201 567
00771 00771_941205_fa.ppm 941205 941201 4
00771 00771_941205_fb.ppm 941205 941201 4
00771 00771_960530_fa.ppm 960530 941201 546
00771 00771_960530_fb.ppm 960530 941201 546
00772 00772_960530_fa.ppm 960530 941201 546
00772 00772_960530_fb.ppm 960530 941201 546
00772 00772_960620_fa.ppm 960620 941201 567
00772 00772_960620_fb.ppm 960620 941201 567
00773 00773_960530_fa.ppm 960530 941201 546
00773 00773_960530_fb.ppm 960530 941201 546
00773 00773_960620_fa.ppm 960620 941201 567
00773 00773_960620_fb.ppm 960620 941201 567
00774 00774_941205_fa.ppm 941205 941201 4
00774 00774_941205_fb.ppm 941205 941201 4
00774 00774_960620_fa.ppm 960620 941201 567
00774 00774_960620_fb.ppm 960620 941201 567
00775 00775_960530_fa.ppm 960530 941205 542
00775 00775_960530_fb.ppm 960530 941205 542
00779 00779_960530_fa.ppm 960530 941205 542
00779 00779_960530_fb.ppm 960530 941205 542
00780 00780_960530_fa.ppm 960530 941205 542
00780 00780_960530_fb.ppm 960530 941205 542
00781 00781_960530_fa_a.ppm 960530 941205 542
00781 00781_960530_fb_a.ppm 960530 941205 542
00787 00787_960620_fa.ppm 960620 941205 563
00787 00787_960620_fb.ppm 960620 941205 563
00789 00789_960530_fa.ppm 960530 941205 542
00789 00789_960530_fb.ppm 960530 941205 542
00789 00789_960620_fa.ppm 960620 941205 563
00789 00789_960620_fb.ppm 960620 941205 563
00794 00794_960530_fa.ppm 960530 941205 542
00794 00794_960530_fb.ppm 960530 941205 542
00794 00794_960620_fa.ppm 960620 941205 563
00794 00794_960620_fb.ppm 960620 941205 563
00797 00797_960620_fa.ppm 960620 941205 563
00797 00797_960620_fb.ppm 960620 941205 563
00804 00804_960530_fa.ppm 960530 941205 542
00804 00804_960530_fb.ppm 960530 941205 542
00806 00806_960620_fa.ppm 960620 941205 563
00806 00806_960620_fb.ppm 960620 941205 563
00807 00807_960530_fa.ppm 960530 941205 542
00807 00807_960530_fb.ppm 960530 941205 542
00809 00809_960530_fa.ppm 960530 941205 542
00809 00809_960530_fb.ppm 960530 941205 542
00809 00809_960620_fa.ppm 960620 941205 563
00809 00809_960620_fb.ppm 960620 941205 563
00810 00810_960620_fa.ppm 960620 941205 563
00810 00810_960620_fb.ppm 960620 941205 563
00811 00811_960530_fa.ppm 960530 941205 542
00811 00811_960530_fb.ppm 960530 941205 542
00812 00812_960530_fa.ppm 960530 941205 542
00812 00812_960530_fb.ppm 960530 941205 542
00816 00816_960530_fa.ppm 960530 941205 542
00816 00816_960530_fb.ppm 960530 941205 542
00816 00816_960620_fa.ppm 960620 941205 563
00816 00816_960620_fb.ppm 960620 941205 563
00820 00820_940307_fa_a.ppm 940307 940307 0
00820 00820_940307_fb_a.ppm 940307 940307 0
00821 00821_940307_fa_a.ppm 940307 940307 0
00821 00821_940307_fb_a.ppm 940307 940307 0
00823 00823_940307_fa_a.ppm 940307 940307 0
00823 00823_940307_fb_a.ppm 940307 940307 0
00829 00829_940307_fa_a.ppm 940307 940307 0
00829 00829_940307_fb_a.ppm 940307 940307 0
00830 00830_940307_fa_a.ppm 940307 940307 0
00830 00830_940307_fb_a.ppm 940307 940307 0
00833 00833_940307_fa_a.ppm 940307 940307 0
00833 00833_940307_fb_a.ppm 940307 940307 0
00834 00834_940307_fa_a.ppm 940307 940307 0
00834 00834_940307_fb_a.ppm 940307 940307 0
00846 00846_940307_fa_a.ppm 940307 940307 0
00846 00846_940307_fb_a.ppm 940307 940307 0
00866 00866_940307_fa_a.ppm 940307 940307 0
00866 00866_940307_fb_a.ppm 940307 940307 0
00867 00867_940307_fa_a.ppm 940307 940307 0
00867 00867_940307_fb_a.ppm 940307 940307 0
00876 00876_960620_fa.ppm 960620 960530 21
00876 00876_960620_fb.ppm 960620 960530 21
00879 00879_960620_fa.ppm 960620 960530 21
00879 00879_960620_fb.ppm 960620 960530 21
00894 00894_960620_fa.ppm 960620 960530 21
00894 00894_960620_fb.ppm 960620 960530 21
00899 00899_960620_fa.ppm 960620 960530 21
00899 00899_960620_fb.ppm 960620 960530 21
00900 00900_960620_fa.ppm 960620 960530 21
00900 00900_960620_fb.ppm 960620 960530 21
00903 00903_960620_fa.ppm 960620 960530 21
00903 00903_960620_fb.ppm 960620 960530 21
00907 00907_960620_fa.ppm 960620 960530 21
00907 00907_960620_fb.ppm 960620 960530 21
