00029 00029_960530_fa.ppm 960530 930831 1003
00029 00029_960530_fb.ppm 960530 930831 1003
00029 00029_960620_fa.ppm 960620 930831 1024
00029 00029_960620_fb.ppm 960620 930831 1024
00029 00029_960627_fa.ppm 960627 930831 1031
00029 00029_960627_fb.ppm 960627 930831 1031
00108 00108_960530_fa.ppm 960530 931230 882
00108 00108_960530_fb.ppm 960530 931230 882
00146 00146_960530_fa.ppm 960530 931230 882
00146 00146_960530_fb.ppm 960530 931230 882
00146 00146_960620_fa.ppm 960620 931230 903
00146 00146_960620_fb.ppm 960620 931230 903
00146 00146_960627_fa.ppm 960627 931230 910
00146 00146_960627_fb.ppm 960627 931230 910
00268 00268_960530_fa.ppm 960530 940307 815
00268 00268_960530_fb.ppm 960530 940307 815
00268 00268_960627_fa.ppm 960627 940307 843
00268 00268_960627_fb.ppm 960627 940307 843
00465 00465_960627_fa.ppm 960627 940519 770
00465 00465_960627_fb.ppm 960627 940519 770
00468 00468_960530_fa.ppm 960530 940519 742
00468 00468_960530_fb.ppm 960530 940519 742
00468 00468_960620_fa.ppm 960620 940519 763
00468 00468_960620_fb.ppm 960620 940519 763
00469 00469_960530_fa.ppm 960530 940519 742
00469 00469_960530_fb.ppm 960530 940519 742
00469 00469_960620_fa.ppm 960620 940519 763
00469 00469_960620_fb.ppm 960620 940519 763
00472 00472_960627_fa.ppm 960627 940519 770
00472 00472_960627_fb.ppm 960627 940519 770
00473 00473_960627_fa.ppm 960627 940519 770
00473 00473_960627_fb.ppm 960627 940519 770
00474 00474_960627_fa.ppm 960627 940519 770
00474 00474_960627_fb.ppm 960627 940519 770
00491 00491_960627_fa.ppm 960627 940519 770
00491 00491_960627_fb.ppm 960627 940519 770
00498 00498_960627_fa.ppm 960627 940519 770
00498 00498_960627_fb.ppm 960627 940519 770
00500 00500_960627_fa.ppm 960627 940519 770
00500 00500_960627_fb.ppm 960627 940519 770
00501 00501_960627_fa.ppm 960627 940519 770
00501 00501_960627_fb.ppm 960627 940519 770
00505 00505_960627_fa.ppm 960627 940519 770
00505 00505_960627_fb.ppm 960627 940519 770
00508 00508_960627_fa.ppm 960627 940519 770
00508 00508_960627_fb.ppm 960627 940519 770
00519 00519_960627_fa.ppm 960627 940519 770
00519 00519_960627_fb.ppm 960627 940519 770
00522 00522_960627_fa.ppm 960627 940519 770
00522 00522_960627_fb.ppm 960627 940519 770
00531 00531_960627_fa.ppm 960627 940519 770
00531 00531_960627_fb.ppm 960627 940519 770
00532 00532_960627_fa.ppm 960627 940519 770
00532 00532_960627_fb.ppm 960627 940519 770
00533 00533_960627_fa.ppm 960627 940519 770
00533 00533_960627_fb.ppm 960627 940519 770
00543 00543_960627_fa.ppm 960627 940519 770
00543 00543_960627_fb.ppm 960627 940519 770
00660 00660_960530_fa.ppm 960530 941121 556
00660 00660_960530_fb.ppm 960530 941121 556
00660 00660_960620_fa.ppm 960620 941121 577
00660 00660_960620_fb.ppm 960620 941121 577
00704 00704_960530_fa.ppm 960530 941201 546
00704 00704_960530_fb.ppm 960530 941201 546
00705 00705_960530_fa.ppm 960530 941201 546
00705 00705_960530_fb.ppm 960530 941201 546
00705 00705_960620_fa.ppm 960620 941201 567
00705 00705_960620_fb.ppm 960620 941201 567
00706 00706_960530_fa.ppm 960530 941201 546
00706 00706_960530_fb.ppm 960530 941201 546
00706 00706_960620_fa.ppm 960620 941201 567
00706 00706_960620_fb.ppm 960620 941201 567
00708 00708_960530_fa.ppm 960530 941201 546
00708 00708_960530_fb.ppm 960530 941201 546
00708 00708_960620_fa.ppm 960620 941201 567
00708 00708_960620_fb.ppm 960620 941201 567
00709 00709_960530_fa.ppm 960530 941201 546
00709 00709_960530_fb.ppm 960530 941201 546
00710 00710_960530_fa.ppm 960530 941201 546
00710 00710_960530_fb.ppm 960530 941201 546
00710 00710_960620_fa.ppm 960620 941201 567
00710 00710_960620_fb.ppm 960620 941201 567
00711 00711_960530_fa.ppm 960530 941201 546
00711 00711_960530_fb.ppm 960530 941201 546
00711 00711_960620_fa.ppm 960620 941201 567
00711 00711_960620_fb.ppm 960620 941201 567
00713 00713_960627_fa.ppm 960627 941201 574
00713 00713_960627_fb.ppm 960627 941201 574
00714 00714_960530_fa.ppm 960530 941201 546
00714 00714_960530_fb.ppm 960530 941201 546
00714 00714_960620_fa.ppm 960620 941201 567
00714 00714_960620_fb.ppm 960620 941201 567
00717 00717_960530_fa.ppm 960530 941201 546
00717 00717_960530_fb.ppm 960530 941201 546
00717 00717_960620_fa.ppm 960620 941201 567
00717 00717_960620_fb.ppm 960620 941201 567
00719 00719_960620_fa.ppm 960620 941201 567
00719 00719_960620_fb.ppm 960620 941201 567
00720 00720_960620_fa.ppm 960620 941201 567
00720 00720_960620_fb.ppm 960620 941201 567
00722 00722_960530_fa.ppm 960530 941201 546
00722 00722_960530_fb.ppm 960530 941201 546
00722 00722_960627_fa.ppm 960627 941201 574
00722 00722_960627_fb.ppm 960627 941201 574
00724 00724_960530_fa.ppm 960530 941201 546
00724 00724_960530_fb.ppm 960530 941201 546
00724 00724_960620_fa.ppm 960620 941201 567
00724 00724_960620_fb.ppm 960620 941201 567
00730 00730_960530_fa.ppm 960530 941201 546
00730 00730_960530_fb.ppm 960530 941201 546
00730 00730_960620_fa.ppm 960620 941201 567
00730 00730_960620_fb.ppm 960620 941201 567
00732 00732_960530_fa.ppm 960530 941201 546
00732 00732_960530_fb.ppm 960530 941201 546
00732 00732_960530_fa_a.ppm 960530 941201 546
00732 00732_960530_fb_a.ppm 960530 941201 546
00732 00732_960620_fa.ppm 960620 941201 567
00732 00732_960620_fb.ppm 960620 941201 567
00732 00732_960627_fa.ppm 960627 941201 574
00732 00732_960627_fb.ppm 960627 941201 574
00733 00733_960530_fa.ppm 960530 941201 546
00733 00733_960530_fb.ppm 960530 941201 546
00737 00737_960530_fa.ppm 960530 941201 546
00737 00737_960530_fb.ppm 960530 941201 546
00737 00737_960620_fa.ppm 960620 941201 567
00737 00737_960620_fb.ppm 960620 941201 567
00743 00743_960530_fa.ppm 960530 941201 546
00743 00743_960530_fb.ppm 960530 941201 546
00743 00743_960620_fa.ppm 960620 941201 567
00743 00743_960620_fb.ppm 960620 941201 567
00744 00744_960530_fa.ppm 960530 941201 546
00744 00744_960530_fb.ppm 960530 941201 546
00744 00744_960620_fa.ppm 960620 941201 567
00744 00744_960620_fb.ppm 960620 941201 567
00745 00745_960530_fa.ppm 960530 941201 546
00745 00745_960530_fb.ppm 960530 941201 546
00745 00745_960620_fa.ppm 960620 941201 567
00745 00745_960620_fb.ppm 960620 941201 567
00750 00750_960530_fa.ppm 960530 941201 546
00750 00750_960530_fb.ppm 960530 941201 546
00751 00751_960530_fa.ppm 960530 941201 546
00751 00751_960530_fb.ppm 960530 941201 546
00751 00751_960620_fa.ppm 960620 941201 567
00751 00751_960620_fb.ppm 960620 941201 567
00752 00752_960530_fa.ppm 960530 941201 546
00752 00752_960530_fb.ppm 960530 941201 546
00752 00752_960620_fa.ppm 960620 941201 567
00752 00752_960620_fb.ppm 960620 941201 567
00758 00758_960530_fa.ppm 960530 941201 546
00758 00758_960530_fb.ppm 960530 941201 546
00760 00760_960530_fa.ppm 960530 941201 546
00760 00760_960530_fb.ppm 960530 941201 546
00760 00760_960620_fa.ppm 960620 941201 567
00760 00760_960620_fb.ppm 960620 941201 567
00761 00761_960530_fa.ppm 960530 941201 546
00761 00761_960530_fb.ppm 960530 941201 546
00761 00761_960620_fa.ppm 960620 941201 567
00761 00761_960620_fb.ppm 960620 941201 567
00761 00761_960627_fa.ppm 960627 941201 574
00761 00761_960627_fb.ppm 960627 941201 574
00763 00763_960530_fa.ppm 960530 941201 546
00763 00763_960530_fb.ppm 960530 941201 546
00766 00766_960530_fa.ppm 960530 941201 546
00766 00766_960530_fb.ppm 960530 941201 546
00766 00766_960620_fa.ppm 960620 941201 567
00766 00766_960620_fb.ppm 960620 941201 567
00767 00767_960530_fa.ppm 960530 941201 546
00767 00767_960530_fb.ppm 960530 941201 546
00768 00768_960530_fa.ppm 960530 941201 546
00768 00768_960530_fb.ppm 960530 941201 546
00770 00770_960530_fa.ppm 960530 941201 546
00770 00770_960530_fb.ppm 960530 941201 546
00770 00770_960530_fa_a.ppm 960530 941201 546
00770 00770_960530_fb_a.ppm 960530 941201 546
00770 00770_960620_fa.ppm 960620 941201 567
00770 00770_960620_fb.ppm 960620 941201 567
00771 00771_960530_fa.ppm 960530 941201 546
00771 00771_960530_fb.ppm 960530 941201 546
00772 00772_960530_fa.ppm 960530 941201 546
00772 00772_960530_fb.ppm 960530 941201 546
00772 00772_960620_fa.ppm 960620 941201 567
00772 00772_960620_fb.ppm 960620 941201 567
00773 00773_960530_fa.ppm 960530 941201 546
00773 00773_960530_fb.ppm 960530 941201 546
00773 00773_960620_fa.ppm 960620 941201 567
00773 00773_960620_fb.ppm 960620 941201 567
00774 00774_960620_fa.ppm 960620 941201 567
00774 00774_960620_fb.ppm 960620 941201 567
00775 00775_960530_fa.ppm 960530 941205 542
00775 00775_960530_fb.ppm 960530 941205 542
00779 00779_960530_fa.ppm 960530 941205 542
00779 00779_960530_fb.ppm 960530 941205 542
00780 00780_960530_fa.ppm 960530 941205 542
00780 00780_960530_fb.ppm 960530 941205 542
00781 00781_960530_fa_a.ppm 960530 941205 542
00781 00781_960530_fb_a.ppm 960530 941205 542
00787 00787_960620_fa.ppm 960620 941205 563
00787 00787_960620_fb.ppm 960620 941205 563
00789 00789_960530_fa.ppm 960530 941205 542
00789 00789_960530_fb.ppm 960530 941205 542
00789 00789_960620_fa.ppm 960620 941205 563
00789 00789_960620_fb.ppm 960620 941205 563
00794 00794_960530_fa.ppm 960530 941205 542
00794 00794_960530_fb.ppm 960530 941205 542
00794 00794_960620_fa.ppm 960620 941205 563
00794 00794_960620_fb.ppm 960620 941205 563
00797 00797_960620_fa.ppm 960620 941205 563
00797 00797_960620_fb.ppm 960620 941205 563
00804 00804_960530_fa.ppm 960530 941205 542
00804 00804_960530_fb.ppm 960530 941205 542
00806 00806_960620_fa.ppm 960620 941205 563
00806 00806_960620_fb.ppm 960620 941205 563
00807 00807_960530_fa.ppm 960530 941205 542
00807 00807_960530_fb.ppm 960530 941205 542
00809 00809_960530_fa.ppm 960530 941205 542
00809 00809_960530_fb.ppm 960530 941205 542
00809 00809_960620_fa.ppm 960620 941205 563
00809 00809_960620_fb.ppm 960620 941205 563
00810 00810_960620_fa.ppm 960620 941205 563
00810 00810_960620_fb.ppm 960620 941205 563
00811 00811_960530_fa.ppm 960530 941205 542
00811 00811_960530_fb.ppm 960530 941205 542
00812 00812_960530_fa.ppm 960530 941205 542
00812 00812_960530_fb.ppm 960530 941205 542
00816 00816_960530_fa.ppm 960530 941205 542
00816 00816_960530_fb.ppm 960530 941205 542
00816 00816_960620_fa.ppm 960620 941205 563
00816 00816_960620_fb.ppm 960620 941205 563
